,Weight,L1,L2,L3,Height,Width
Weight,1.0,0.901,0.905,0.916,0.22,0.156
L1,0.901,1.0,0.989,0.981,0.042,0.055
L2,0.905,0.989,1.0,0.983,0.063,0.067
L3,0.916,0.981,0.983,1.0,0.149,0.083
Height,0.22,0.042,0.063,0.149,1.0,0.558
Width,0.156,0.055,0.067,0.083,0.558,1.0
